2 0.165625 0.80625 0.128125 0.1375
1 0.6953125 0.80625 0.2578125 0.1375
2 0.2578125 0.571875 0.053125 0.146875
1 0.503125 0.39375 0.0953125 0.1125
1 0.55 0.328125 0.0609375 0.06875
2 0.5109375 0.3234375 0.021875 0.028125
2 0.478125 0.28125 0.0203125 0.04375
2 0.4984375 0.26875 0.0171875 0.0375
1 0.4328125 0.2734375 0.053125 0.053125
2 0.446875 0.228125 0.0125 0.03125
1 0.4625 0.2140625 0.025 0.021875
2 0.415625 0.209375 0.0078125 0.01875
1 0.4375 0.203125 0.0203125 0.01875
1 0.403125 0.19375 0.01875 0.0171875