1 0.3625 0.7578125 0.29375 0.2328125
2 0.78125 0.653125 0.078125 0.146875
1 0.503125 0.365625 0.0890625 0.084375
1 0.534375 0.3125 0.0640625 0.0625
2 0.615625 0.340625 0.0234375 0.0484375
2 0.4484375 0.30625 0.021875 0.05
2 0.346875 0.315625 0.0265625 0.053125
1 0.45 0.2546875 0.0421875 0.0421875
1 0.4109375 0.209375 0.028125 0.0234375
2 0.446875 0.21875 0.0109375 0.021875
2 0.384375 0.196875 0.0078125 0.0171875
2 0.4421875 0.196875 0.00625 0.015625
2 0.4515625 0.1953125 0.00625 0.015625
1 0.428125 0.196875 0.0171875 0.0171875
2 0.5453125 0.2703125 0.01875 0.025